     0/299     2.63G   0.07081   0.01519   0.02589    0.1119         9       640  0.002781  0.007353  0.000108 1.337e-05   0.09828   0.01688   0.02562
     1/299     3.64G   0.06734    0.0116    0.0236    0.1025        11       640 0.0001877   0.05388 4.344e-05 7.798e-06   0.09165   0.01577   0.02182
     2/299     3.81G   0.06567  0.009995   0.02216   0.09782         6       640  0.000228   0.06466 6.529e-05 1.081e-05   0.09481   0.01448   0.02061
     3/299     3.81G   0.06638  0.009735   0.02098   0.09709         7       640 0.0002045   0.05603 5.499e-05 8.304e-06   0.09674    0.0139   0.02354
     4/299     3.81G   0.06609  0.009344   0.01976    0.0952         5       640 5.671e-05  0.008621 2.538e-06 4.735e-07    0.1212  0.008708    0.2088
     5/299     3.81G   0.06585  0.009776   0.01976   0.09538         5       640 0.0001828    0.0431 3.337e-05 6.148e-06    0.1028   0.01242   0.04252
     6/299     3.81G   0.06559  0.009226   0.01897   0.09379         9       640 0.0009032   0.05477 8.283e-05 3.606e-05   0.09705   0.01386   0.01986
     7/299     3.81G   0.06445  0.009359   0.01769    0.0915         8       640 0.0001579   0.03448 2.337e-05   5.1e-06    0.1018   0.01318    0.0624
     8/299     3.81G   0.06453  0.009458   0.01799   0.09198         7       640  0.002789   0.06554 0.0004315  5.06e-05    0.0946   0.01446     0.024
     9/299     3.81G   0.06338   0.00934   0.01834   0.09106         5       640  0.002308   0.06123 0.0008028 0.0003722   0.09394   0.01416   0.01556
    10/299     3.81G   0.06287  0.009516   0.01836   0.09075         4       640 0.0001978   0.05603 5.913e-05 1.243e-05   0.09225   0.01446   0.01493
    11/299     3.81G   0.06276   0.00964   0.01697   0.08937        12       640    0.2567  0.006466 0.0003876 0.0001008    0.0945   0.01414   0.01565
    12/299     3.81G    0.0633  0.009434    0.0177   0.09044         9       640    0.2777   0.00431  0.001244  0.000211   0.09341   0.01391   0.01627
    13/299     3.81G   0.06158  0.009369   0.01813   0.08908         4       640   0.01577   0.01509  0.001928 0.0008666    0.1042   0.01268    0.1633
    14/299     3.81G   0.05964  0.009055   0.01766   0.08636         8       640  0.000819   0.04433 0.0001524 2.867e-05    0.1048    0.5011    0.2503
    15/299     3.81G   0.05937  0.009738   0.01809    0.0872         6       640    0.7982   0.01509   0.00824  0.004192   0.09279   0.01384   0.01548
    16/299     3.81G   0.05758  0.009084   0.01735   0.08402        12       640    0.5516   0.04095   0.02322   0.01111   0.08976   0.01394   0.01509
    17/299     3.81G   0.05533   0.00918   0.01664   0.08114         4       640    0.5952   0.04908   0.03444    0.0173   0.09217   0.01329   0.01836
    18/299     3.81G   0.05444  0.009475   0.01525   0.07917         2       640    0.2544   0.07974  0.002476 0.0007187   0.09542   0.02115    0.2678
    19/299     3.81G   0.05435  0.008768   0.01495   0.07808         3       640  0.003667    0.1824  0.001378 0.0005246   0.09164    0.4842    0.1779
    20/299     3.81G   0.05086  0.009304     0.014   0.07416        10       640  0.003338     0.102  0.001128  0.000389   0.08817   0.02711   0.02725
    21/299     3.81G   0.05009  0.008982   0.01312   0.07219         2       640    0.9787    0.1185    0.1449   0.07737   0.08123   0.01348   0.01417
    22/299     3.81G    0.0493   0.00912   0.01203   0.07045         3       640    0.5145    0.1293   0.01289  0.006163   0.08016   0.04112   0.01646
    23/299     3.81G   0.04694  0.009035    0.0129   0.06887         5       640    0.9261    0.1444    0.1618    0.1051   0.07583   0.01378   0.01475
    24/299     3.81G   0.04457   0.00907   0.01183   0.06547        19       640    0.9907    0.1121     0.167    0.1121   0.07656   0.01324   0.01432
    25/299     3.81G   0.04392  0.008076   0.01035   0.06235         3       640    0.8639    0.2275      0.22     0.139   0.07431   0.01306   0.01241
    26/299     3.81G   0.04219  0.008748   0.01054   0.06148         7       640    0.9679    0.1616    0.2239    0.1352   0.07169   0.01264   0.01309
    27/299     3.81G   0.04094  0.007959   0.00925   0.05815         4       640    0.6993    0.4244    0.4325    0.2687   0.07025    0.0118   0.01251
    28/299     3.81G   0.04031  0.007609  0.009224   0.05714        10       640    0.6818    0.4308    0.3801    0.2307   0.06601    0.0118   0.01271
    29/299     3.81G   0.03898  0.007614  0.008698   0.05529         5       640    0.8918    0.3418    0.4318    0.2818   0.06346   0.01147   0.00944
    30/299     3.81G    0.0379  0.007083   0.00727   0.05225        11       640    0.9125     0.557    0.6108    0.3997   0.06382   0.01041   0.01011
    31/299     3.81G   0.03685  0.006919   0.00716   0.05093         5       640    0.9243    0.5859    0.6674    0.4295   0.06027   0.01071  0.009268
    32/299     3.81G   0.03584  0.006924   0.00681   0.04957         9       640    0.9595    0.6376    0.6784    0.4613   0.05836   0.01074  0.009314
    33/299     3.81G   0.03463  0.007194  0.006782   0.04861        19       640    0.9482    0.5596    0.6448    0.4694   0.05832   0.01065   0.01035
    34/299     3.81G   0.03359   0.00665  0.006149   0.04639         9       640    0.9034    0.5888    0.6532    0.4616   0.05656   0.01043  0.008576
    35/299     3.81G   0.03304  0.006656  0.005558   0.04525         2       640    0.9445    0.6114    0.6822    0.4827   0.05367   0.01053  0.007734
    36/299     3.81G   0.03253  0.006422  0.004805   0.04376         9       640     0.899    0.6558    0.6798    0.4742   0.05274   0.01074   0.00727
    37/299     3.81G   0.03152  0.006623  0.004562   0.04271         9       640     0.904    0.6946    0.6909    0.4922    0.0513   0.01054  0.008454
    38/299     3.81G   0.03052  0.006365  0.004304   0.04119         3       640    0.9722    0.6199    0.7005    0.5007   0.05121   0.01024   0.00758
    39/299     3.81G   0.03055   0.00613  0.003995   0.04068        12       640    0.9796    0.6894    0.7198    0.5093   0.05203   0.01041  0.006981
    40/299     3.81G   0.03002  0.006111  0.003728   0.03986        10       640    0.9728    0.6532    0.7025    0.5083   0.05131   0.01027  0.007245
    41/299     3.81G   0.02867  0.005935  0.003675   0.03828         4       640    0.9672    0.6613    0.7016    0.5243   0.05037   0.01032  0.006766
    42/299     3.81G   0.02889  0.005944  0.003336   0.03817         3       640    0.9534    0.6551    0.7327    0.5135   0.05042   0.01019   0.00672
    43/299     3.81G   0.02898  0.005847  0.003733   0.03857         2       640    0.9516    0.6311    0.7021    0.5267   0.05106  0.009827  0.007549
    44/299     3.81G    0.0284  0.005751  0.003106   0.03726         8       640    0.9665    0.6437    0.7149    0.5243   0.05115  0.009958  0.008031
    45/299     3.81G   0.02836  0.005793  0.003307   0.03746         8       640    0.7096    0.6664    0.7187    0.5419   0.04977      0.01  0.008452
    46/299     3.81G   0.02711  0.005555  0.003093   0.03576         5       640    0.6487    0.7004    0.7216    0.5166   0.05027  0.009627  0.006479
    47/299     3.81G   0.02682  0.005519  0.002909   0.03525         3       640    0.8565    0.7099    0.7145    0.5487   0.05127  0.009338  0.004902
    48/299     3.81G    0.0262  0.005483  0.002653   0.03434         5       640    0.8075    0.7163    0.7499    0.5515    0.0486   0.00993  0.005699
    49/299     3.81G   0.02702  0.005922  0.002977   0.03592         1       640    0.9104    0.7226    0.7676    0.5557   0.04741  0.009793   0.00527
    50/299     3.81G   0.02484  0.005413  0.002844    0.0331         6       640    0.8091    0.7194    0.7584    0.5601   0.04769  0.009928  0.005313
    51/299     3.81G   0.02576   0.00532  0.002673   0.03376        12       640    0.7524    0.6668    0.7417    0.5686   0.04766   0.01004  0.005407
    52/299     3.81G   0.02548  0.005687  0.002318   0.03349         4       640    0.7998    0.7415    0.7546    0.5629   0.04739  0.009612  0.005801
    53/299     3.81G   0.02498  0.005518  0.002644   0.03314        10       640    0.8389    0.6439    0.7465    0.5357   0.04767  0.009749  0.006234
    54/299     3.81G   0.02447  0.005223  0.002243   0.03194         8       640    0.8458    0.7183    0.7588    0.5605   0.04657   0.00972  0.006708
    55/299     3.81G   0.02458  0.005277  0.002463   0.03232         9       640    0.9738    0.6557    0.7664     0.559   0.04666  0.009829  0.005771
    56/299     3.81G   0.02444  0.005323  0.002751   0.03252         1       640    0.7016    0.6534    0.7325    0.5554    0.0456   0.01011  0.006517
    57/299     3.81G   0.02395  0.005032  0.002039   0.03102        11       640    0.9091    0.6517    0.7171    0.5384   0.04699  0.009785  0.005001
    58/299     3.81G   0.02458  0.005134  0.002072   0.03178        11       640    0.9155    0.7089    0.7475    0.5216   0.04662   0.00948  0.004998
    59/299     3.81G   0.02367  0.005105  0.002062   0.03083        10       640    0.9256    0.7143    0.7876    0.5913    0.0464  0.009532  0.004785
    60/299     3.81G   0.02306  0.005187  0.001932   0.03018         4       640    0.9238    0.7043    0.7588    0.5709   0.04795  0.009695  0.006576
    61/299     3.81G   0.02316  0.005251  0.002024   0.03044         5       640    0.8923    0.7316    0.7906    0.5951   0.04424  0.009705   0.00505
    62/299     3.81G   0.02435  0.005115  0.002308   0.03177         9       640    0.9021    0.7213    0.7682    0.5707    0.0456  0.009773  0.006541
    63/299     3.81G   0.02316  0.005129  0.001992   0.03028         7       640    0.7764    0.7193    0.7431    0.5578    0.0468   0.01015  0.005273
    64/299     3.81G   0.02271  0.005089  0.002032   0.02983         8       640    0.9092    0.6377    0.7543    0.5459   0.04666  0.009644  0.005341
    65/299     3.81G   0.02366  0.004983  0.001729   0.03037         9       640     0.768    0.7197    0.7516    0.5504   0.04566  0.009964  0.004856
    66/299     3.81G   0.02262  0.005102  0.001682    0.0294         4       640    0.7773    0.7427      0.78    0.6148   0.04396   0.00947  0.004415
    67/299     3.81G   0.02247  0.004947  0.001782    0.0292         9       640    0.9022    0.7433    0.7944    0.5793   0.04456   0.01008  0.004374
    68/299     3.81G   0.02228  0.005078   0.00153   0.02888         2       640    0.8716    0.6813    0.8037     0.609   0.04355  0.009454  0.004185
    69/299     3.81G    0.0212  0.004921  0.001538   0.02766         5       640    0.8687    0.7385     0.786    0.5855    0.0447  0.009477  0.005644
    70/299     3.81G   0.02183   0.00491  0.001435   0.02817         4       640    0.8298    0.7446    0.7933    0.5877   0.04473  0.009583  0.004641
    71/299     3.81G   0.02312  0.005046  0.001666   0.02983         9       640    0.7602    0.7373    0.7794    0.5952   0.04466  0.009646  0.004181
    72/299     3.81G   0.02234  0.004798  0.001787   0.02892         4       640    0.8603    0.7491    0.8152    0.6018   0.04274  0.009702  0.004105
    73/299     3.81G   0.02221  0.004618  0.001771    0.0286         4       640    0.9066    0.7603    0.8227    0.6087   0.04491   0.00962  0.004372
    74/299     3.81G   0.02236   0.00479  0.001924   0.02907         3       640    0.8795    0.7498    0.7911    0.5859   0.04397  0.009471   0.00395
    75/299     3.81G   0.02209  0.005032  0.001933   0.02905         3       640    0.8695    0.7608    0.8038    0.5815   0.04323  0.009734  0.003964
    76/299     3.81G   0.02166  0.004872  0.001588   0.02812         2       640    0.9295    0.7551     0.818    0.6073   0.04348   0.01001  0.004186
    77/299     3.81G   0.02154  0.004739  0.001484   0.02776         4       640    0.9287    0.7652    0.8262    0.6101   0.04398  0.009301  0.005087
    78/299     3.81G   0.02187  0.004995  0.001578   0.02844        15       640    0.9227    0.7538    0.7979    0.6092   0.04371   0.00967  0.006394
    79/299     3.81G   0.02122  0.004635  0.001485   0.02734        10       640    0.9037    0.7738    0.8049    0.5924   0.04377  0.009319  0.005244
    80/299     3.81G   0.02151  0.004963  0.001517   0.02799         5       640    0.9056    0.7352    0.8178    0.5931   0.04313  0.009604  0.004171
    81/299     3.81G   0.02177  0.004616  0.001803   0.02819         6       640    0.7706     0.758    0.7912    0.5912   0.04367  0.009586  0.003946
    82/299     3.81G    0.0211  0.004764  0.001456   0.02732         7       640    0.8671    0.7625    0.8085    0.5943    0.0432   0.01005  0.004093
    83/299     3.81G   0.02162  0.004622  0.001361    0.0276         1       640    0.8358     0.813    0.8274     0.599   0.04303  0.009858  0.003432
    84/299     3.81G   0.02145   0.00489  0.001873   0.02821         8       640    0.8533    0.7834    0.8068    0.5824   0.04359  0.009717  0.004421
    85/299     3.81G     0.021  0.004546  0.001526   0.02708         3       640    0.8099    0.7861    0.8123    0.5865   0.04333  0.009901   0.00431
    86/299     3.81G   0.02094  0.004936    0.0014   0.02728         3       640    0.8357    0.7981    0.8282     0.609   0.04239  0.009549  0.004354
    87/299     3.81G   0.02141  0.004653  0.001429    0.0275         7       640     0.793    0.8277    0.8281    0.5825    0.0434  0.009348   0.00489
    88/299     3.81G   0.02085  0.004574  0.001267   0.02669         6       640    0.9097    0.7611     0.818    0.6044   0.04317  0.009707  0.005331
    89/299     3.81G   0.02021  0.004432  0.001449   0.02609         3       640    0.9243    0.7308    0.8182     0.595   0.04294  0.009594  0.005037
    90/299     3.81G    0.0204  0.004693  0.001412    0.0265         4       640    0.8805     0.763    0.8159     0.585   0.04243  0.009984  0.005187
    91/299     3.81G   0.02039  0.004569  0.001278   0.02624         5       640    0.8127    0.8347    0.8268    0.6049   0.04184   0.00975  0.004797
    92/299     3.81G   0.02023   0.00474  0.001188   0.02616         5       640     0.931    0.7572    0.8253    0.5905   0.04337    0.0101  0.005412
    93/299     3.81G   0.02036   0.00461  0.001313   0.02629         4       640    0.9062    0.7542    0.8239    0.5817   0.04242   0.00957  0.005703
    94/299     3.81G   0.02027  0.004631  0.001745   0.02665         5       640    0.9802     0.713    0.8331    0.6041   0.04199   0.00984  0.004973
    95/299     3.81G   0.02035  0.004816  0.001562   0.02673        12       640    0.9061    0.7701    0.8218    0.6192   0.04252  0.009705  0.004419
    96/299     3.81G    0.0199  0.004647   0.00126   0.02581         5       640    0.8687    0.7465     0.813    0.5872   0.04358  0.009738  0.004879
    97/299     3.81G   0.01976  0.004499  0.001331   0.02559         6       640      0.71    0.8382    0.8046    0.6113   0.04406  0.009388  0.005066
    98/299     3.81G   0.01971  0.004426  0.001582   0.02572         2       640    0.9003    0.7689    0.8147    0.6007   0.04261  0.009655  0.004732
    99/299     3.81G   0.01965  0.004463   0.00133   0.02544        10       640    0.9287    0.7474    0.8198    0.6006   0.04319  0.009895  0.003853
   100/299     3.81G   0.01937  0.004452  0.001415   0.02524         3       640    0.9268    0.7934    0.8378    0.6204   0.04296  0.009703  0.003688
   101/299     3.81G    0.0194  0.004633   0.00124   0.02527         5       640     0.835     0.802    0.8333    0.6047   0.04285  0.009491  0.003593
   102/299     3.81G    0.0189  0.004341  0.001131   0.02437         8       640    0.8691    0.7822     0.837    0.6089    0.0423  0.009778  0.003799
   103/299     3.81G   0.01896  0.004454  0.001182    0.0246         2       640    0.9014    0.8161     0.856    0.6106   0.04167  0.009818  0.004124
   104/299     3.81G   0.01891  0.004248   0.00127   0.02442         4       640    0.8631    0.8057    0.8344    0.6039   0.04213  0.009737  0.004115
   105/299     3.81G   0.02061  0.004634   0.00138   0.02663         3       640     0.926    0.7323    0.7853    0.5911   0.04276   0.01012  0.004493
   106/299     3.81G   0.01946  0.004389  0.001109   0.02496         5       640    0.8225    0.8129     0.816    0.6028   0.04237  0.009702  0.004056
   107/299     3.81G   0.01941  0.004346  0.001303   0.02505         9       640    0.8685    0.7974    0.8298    0.6346   0.04182  0.009845  0.006452
   108/299     3.81G   0.01894  0.004407  0.001055   0.02441         0       640    0.8656    0.7888    0.8162    0.5955   0.04224  0.009711  0.004218
   109/299     3.81G   0.01859  0.004333  0.001116   0.02404         6       640    0.8544     0.813    0.8506    0.6065   0.04183  0.009461   0.00415
   110/299     3.81G   0.01932  0.004462 0.0009853   0.02476         8       640    0.8681    0.7823    0.8283    0.6226    0.0424  0.009715  0.004202
   111/299     3.81G   0.01846  0.004382 0.0009417   0.02378         7       640    0.8852    0.8171    0.8525    0.6171   0.04217  0.009319  0.004453
   112/299     3.81G   0.01814   0.00449  0.001097   0.02372         5       640     0.858    0.7815    0.8064    0.5982   0.04243   0.00977  0.003323
   113/299     3.81G   0.01879  0.004429  0.001089   0.02431         9       640      0.88    0.8161    0.8384    0.6221   0.04273  0.009809  0.003426
   114/299     3.81G   0.01855  0.004624  0.001077   0.02425         3       640    0.8671     0.798    0.8178    0.5944   0.04151  0.009831  0.003607
   115/299     3.81G   0.01835  0.004335 0.0009974   0.02368        10       640    0.8579    0.8088    0.8406    0.6251   0.04262  0.009778  0.003241
   116/299     3.81G   0.01766  0.004204 0.0009739   0.02284         3       640    0.8388    0.8392    0.8441    0.6212   0.04182  0.009585  0.002976
   117/299     3.81G   0.01868  0.004358  0.001049   0.02409         5       640    0.8719    0.8128    0.8464    0.6189   0.04278  0.009505  0.002844
   118/299     3.81G   0.01806  0.004057  0.001094   0.02321         4       640    0.8091     0.813    0.8232    0.6263   0.04163   0.00976  0.003752
   119/299     3.81G   0.01847  0.004325 0.0009581   0.02375         5       640    0.8223     0.792     0.802    0.6095     0.041  0.009981  0.003727
   120/299     3.81G   0.01819  0.004105 0.0009076    0.0232         2       640    0.9101    0.7499     0.812     0.594   0.04053  0.009866  0.003407
   121/299     3.81G   0.01899   0.00434  0.001092   0.02442        13       640     0.803    0.8003    0.8113    0.6088    0.0422  0.009687  0.002954
   122/299     3.81G     0.018  0.004378 0.0009877   0.02337         3       640    0.9275    0.7552    0.8199    0.6136    0.0425  0.009807  0.003156
   123/299     3.81G   0.01826  0.004346 0.0009716   0.02358         6       640     0.824    0.8202    0.8143    0.6121   0.04071  0.009877  0.003264
   124/299     3.81G   0.01817  0.004218  0.001101   0.02348        19       640    0.8971    0.7783    0.8206    0.6199    0.0407   0.00998  0.003413
   125/299     3.81G   0.01802  0.004146 0.0009431   0.02311         5       640    0.9253    0.7763     0.842    0.6189   0.04144   0.01004  0.003261
   126/299     3.81G   0.01796  0.004124  0.001162   0.02324         3       640    0.8497    0.7821    0.7977    0.6162   0.04201  0.009878  0.003548
   127/299     3.81G   0.01836  0.004293  0.001123   0.02377         5       640    0.9255    0.7873    0.8249    0.6146   0.04216   0.01016  0.002759
   128/299     3.81G   0.01823  0.004232  0.001043   0.02351         7       640    0.9097    0.8379    0.8565    0.6286   0.04127   0.01001  0.002919
   129/299     3.81G   0.01766  0.004504  0.001033    0.0232         9       640    0.8624    0.8309     0.846    0.6228   0.04139  0.009854  0.002965
   130/299     3.81G   0.01776   0.00439  0.001013   0.02316         5       640    0.8994    0.8381    0.8562    0.6367   0.04052  0.009671  0.003194
   131/299     3.81G   0.01752  0.004143 0.0008315   0.02249         2       640    0.8307    0.8308    0.8328    0.6304   0.04094  0.009855  0.003192
   132/299     3.81G   0.01747  0.004271 0.0008643    0.0226         7       640    0.8647     0.794    0.8199    0.6022    0.0411  0.009826  0.003942
   133/299     3.81G   0.01748  0.003989  0.001042   0.02251         4       640    0.8719    0.8328    0.8333     0.622   0.04087  0.009791   0.00331
   134/299     3.81G   0.01704  0.004066  0.000882   0.02199         9       640    0.8306    0.7208    0.8053    0.5884   0.04186   0.01004    0.0029
   135/299     3.81G   0.01731  0.003992 0.0007252   0.02203         5       640    0.8666    0.7799    0.8127    0.6103   0.04091   0.01027  0.002725
   136/299     3.81G   0.01754  0.004194  0.001096   0.02283         3       640     0.913    0.7762    0.8065     0.605   0.04171   0.01014  0.002683
   137/299     3.81G   0.01809  0.004261  0.001062   0.02341         7       640    0.8047    0.7668    0.7993    0.5993   0.04189  0.009976  0.002791
   138/299     3.81G   0.01723  0.004128 0.0008764   0.02224         4       640    0.8781    0.7763    0.8247    0.6179   0.04142  0.009954  0.003237
   139/299     3.81G   0.01782  0.004204  0.001045   0.02307         7       640    0.8478    0.8424    0.8582    0.6214   0.04083   0.00992  0.002742
   140/299     3.81G   0.01702  0.003767  0.001065   0.02186         4       640    0.8592    0.8381    0.8465    0.6311    0.0402   0.01005  0.002809
   141/299     3.81G   0.01745  0.004188  0.001012   0.02265         5       640    0.8277    0.8456    0.8378    0.5987   0.04017  0.009919  0.003182
   142/299     3.81G    0.0175  0.004169   0.00103    0.0227         2       640    0.7825    0.8308    0.8063    0.5888    0.0413   0.01022  0.002931
   143/299     3.81G   0.01809  0.004308 0.0008666   0.02326        12       640    0.8838    0.8276    0.8353    0.6138   0.04132   0.01007  0.003326
   144/299     3.81G    0.0172  0.004053 0.0008431   0.02209         3       640    0.9027    0.7882    0.8376    0.6274   0.04003   0.00998  0.003485
   145/299     3.81G   0.01665  0.004069 0.0007877   0.02151         8       640    0.8734    0.8087    0.8233    0.5971   0.04038   0.01005  0.003152
   146/299     3.81G   0.01756  0.004176 0.0009235   0.02266        13       640    0.9027    0.7992    0.8174    0.5976    0.0394  0.009976  0.003666
   147/299     3.81G   0.01742   0.00402 0.0009628    0.0224         5       640    0.8921    0.8056    0.8401     0.616   0.04035   0.01011  0.003884
   148/299     3.81G   0.01753  0.003962 0.0009043   0.02239         4       640    0.8734     0.832    0.8389     0.619   0.03977   0.01001   0.00357
   149/299     3.81G   0.01681  0.003846  0.000836   0.02149         5       640    0.8246    0.7983    0.8167    0.6202   0.03997   0.01034  0.003325
   150/299     3.81G   0.01716  0.004035  0.001145   0.02234         4       640    0.8804    0.8203    0.8496    0.6169   0.04094   0.00997  0.003151
   151/299     3.81G   0.01702  0.003974 0.0009737   0.02197         3       640    0.9416    0.7763    0.8413    0.6251   0.04093   0.01011  0.002848
   152/299     3.81G   0.01696  0.004132 0.0008303   0.02193        10       640    0.8621     0.791    0.8232    0.6197   0.04077   0.01017  0.002792
   153/299     3.81G   0.01633    0.0037 0.0007027   0.02073        11       640     0.849     0.791    0.8329    0.6034   0.04086  0.009949   0.00308
   154/299     3.81G   0.01661  0.004092  0.001022   0.02173        15       640    0.8737    0.8087    0.8465    0.6203   0.04027  0.009956  0.003232
   155/299     3.81G   0.01695  0.003991 0.0007481   0.02168         6       640    0.8488    0.8056    0.8423    0.6336   0.04031  0.009741  0.003195
   156/299     3.81G   0.01667  0.003975 0.0006327   0.02128         3       640    0.9149    0.7764    0.8148    0.6244   0.03926  0.009914    0.0033
   157/299     3.81G   0.01664   0.00402  0.000622   0.02128         6       640    0.8553     0.835    0.8402    0.6354   0.03871  0.009879    0.0029
   158/299     3.81G   0.01598  0.003904 0.0008921   0.02077         6       640    0.8826    0.7983    0.8443    0.6257   0.03855  0.009981  0.003335
   159/299     3.81G   0.01646  0.003875 0.0008207   0.02116         5       640    0.9508    0.7629    0.8402    0.6314   0.03941   0.00994  0.003264
   160/299     3.81G   0.01686  0.003985 0.0006817   0.02153         2       640    0.8824    0.8193    0.8422    0.6491   0.03969   0.00977  0.003101
   161/299     3.81G   0.01586  0.003983 0.0006981   0.02054         6       640    0.8444    0.8054    0.8392    0.6438   0.03998   0.01001  0.003014
   162/299     3.81G   0.01639   0.00413 0.0007176   0.02124         7       640    0.9261    0.8096    0.8684    0.6458   0.03912  0.009984   0.00283
   163/299     3.81G    0.0161  0.003894 0.0007444   0.02074         2       640     0.835    0.7776    0.7882    0.6079    0.0393   0.01003  0.003072
   164/299     3.81G   0.01631  0.003926 0.0008422   0.02108         4       640    0.8714     0.788    0.8158    0.6229   0.03875   0.01028  0.002789
   165/299     3.81G   0.01618  0.003922  0.000834   0.02094         7       640    0.8882      0.82    0.8404    0.6266   0.03913   0.01027  0.002701
   166/299     3.81G   0.01677  0.004192 0.0008236   0.02178         2       640    0.8721    0.8182     0.832    0.6268   0.03963   0.01018  0.002723
   167/299     3.81G   0.01615  0.003876 0.0006892   0.02072         7       640    0.9018    0.7971    0.8466    0.6088   0.03979   0.01015  0.002707
   168/299     3.81G   0.01627  0.003913 0.0007807   0.02096         5       640    0.9086    0.8392    0.8663    0.6309   0.03995  0.009927  0.002799
   169/299     3.81G   0.01601  0.003789 0.0009478   0.02075        11       640    0.8855    0.8561    0.8729     0.649   0.03924  0.009834  0.002795
   170/299     3.81G     0.017  0.003903 0.0007434   0.02164        15       640    0.8929    0.8566    0.8683    0.6274   0.04006  0.009896  0.002648
   171/299     3.81G   0.01598  0.004012 0.0007641   0.02075        10       640    0.9001    0.8026    0.8424    0.6299   0.03954   0.01008  0.002815
   172/299     3.81G   0.01607  0.003824 0.0007552   0.02065         9       640    0.9069    0.8082    0.8386    0.6396   0.03915    0.0102  0.003123
   173/299     3.81G   0.01651  0.004243 0.0007085   0.02146         8       640    0.9184    0.8213    0.8468    0.6391   0.03921   0.01004   0.00281
   174/299     3.81G   0.01563  0.003746 0.0007449   0.02012         5       640    0.8893     0.783    0.8134    0.6244   0.03944  0.009997  0.002791
   175/299     3.81G   0.01546  0.003654 0.0006311   0.01974         2       640    0.8451    0.8011    0.8175    0.6409   0.03884   0.01019  0.002772
   176/299     3.81G   0.01579  0.003703 0.0008356   0.02033        11       640    0.8452    0.8476    0.8426    0.6298   0.03864   0.01023   0.00261
   177/299     3.81G   0.01567  0.003853 0.0006906   0.02021         2       640    0.8424    0.8201    0.8316     0.628   0.03927   0.01012   0.00271
   178/299     3.81G   0.01595  0.003935 0.0005943   0.02048         5       640    0.8172    0.8084    0.8156    0.6261   0.03942   0.01014  0.002637
   179/299     3.81G   0.01582  0.003745 0.0006362    0.0202        10       640    0.8777    0.8453    0.8595    0.6311   0.03836   0.01021  0.002436
   180/299     3.81G   0.01633  0.003831  0.001016   0.02117         6       640    0.8856    0.8125    0.8366    0.6355   0.03828   0.01037  0.002461
   181/299     3.81G   0.01569  0.003882 0.0007779   0.02035         6       640    0.8731    0.8234    0.8278     0.629   0.03781   0.01004  0.002553
   182/299     3.81G   0.01542  0.003564 0.0007557   0.01974         6       640    0.8753    0.8203    0.8287    0.6402    0.0385    0.0101  0.002507
   183/299     3.81G   0.01547  0.003614   0.00065   0.01974         1       640     0.897    0.8109    0.8352    0.6323   0.03824   0.01031   0.00228
   184/299     3.81G   0.01519  0.003864 0.0007428    0.0198        11       640    0.9071    0.8087    0.8298    0.6358   0.03939   0.01018  0.002226
   185/299     3.81G   0.01572  0.003839 0.0005354   0.02009         2       640    0.8972    0.7949    0.8271    0.6293   0.03946   0.01002  0.002567
   186/299     3.81G   0.01557  0.003705 0.0008007   0.02008         9       640    0.8773     0.816    0.8444    0.6308   0.03922   0.01001  0.002727
   187/299     3.81G   0.01525   0.00373 0.0006846   0.01967         8       640    0.9031    0.7993    0.8494    0.6372   0.03926  0.009976  0.002844
   188/299     3.81G   0.01578  0.003575 0.0008066   0.02016         5       640    0.8974    0.7845    0.8481     0.635   0.03915   0.01005  0.003005
   189/299     3.81G   0.01551  0.003725 0.0005612    0.0198         5       640    0.8981    0.7937    0.8254    0.6115    0.0387   0.01016  0.002804
   190/299     3.81G    0.0153  0.003727 0.0006486   0.01967        13       640    0.9528    0.8057    0.8443    0.6281   0.03872   0.01012  0.002602
   191/299     3.81G   0.01557  0.003759 0.0007035   0.02003        12       640    0.8388    0.7999    0.8086    0.6279   0.03927   0.01017  0.002441
   192/299     3.81G   0.01551  0.003685 0.0006758   0.01987        10       640    0.8247     0.835    0.8315     0.623   0.03914   0.01009  0.002616
   193/299     3.81G   0.01473  0.003593 0.0005193   0.01884         3       640    0.9209     0.814    0.8437    0.6384   0.03873  0.009892  0.002555
   194/299     3.81G   0.01526  0.003459 0.0004857    0.0192         3       640    0.8773     0.835     0.829    0.6361   0.03916   0.01007  0.002506
   195/299     3.81G   0.01502  0.003555 0.0007224   0.01929         4       640    0.8785    0.8243    0.8281    0.6423   0.03916   0.01013  0.002375
   196/299     3.81G   0.01543  0.003796 0.0006421   0.01987         3       640    0.8789    0.8064    0.8235    0.6489   0.03985   0.01015  0.002277
   197/299     3.81G   0.01515    0.0037  0.000471   0.01932         7       640    0.9535    0.8153    0.8613    0.6442    0.0396  0.009904  0.002296
   198/299     3.81G   0.01478   0.00362 0.0005777   0.01898         2       640    0.9077    0.8228    0.8454    0.6457   0.03915  0.009959  0.002321
   199/299     3.81G   0.01473  0.003762  0.000547   0.01904         6       640    0.9026    0.8139    0.8445    0.6443   0.03965  0.009816  0.002523
   200/299     3.81G   0.01545  0.003764 0.0007777   0.01999         3       640    0.8698    0.8094    0.8295    0.6402   0.03898   0.01007  0.002703
   201/299     3.81G    0.0149  0.003671 0.0007487   0.01932         2       640    0.9024    0.8176    0.8527     0.651   0.03801   0.01007  0.002769
   202/299     3.81G    0.0152  0.003643 0.0006212   0.01947        11       640    0.8313    0.8256    0.8319    0.6341   0.03749   0.01051  0.002936
   203/299     3.81G   0.01573  0.003787 0.0007519   0.02027         1       640    0.8642    0.8109    0.8361     0.644   0.03741   0.01032  0.002779
   204/299     3.81G   0.01522  0.003763 0.0008471   0.01983         6       640    0.8693    0.8014    0.8284    0.6352   0.03787   0.01009  0.002663
   205/299     3.81G   0.01481  0.003724  0.000762   0.01929         8       640    0.8998    0.8087    0.8379    0.6417    0.0382   0.01024  0.002529
   206/299     3.81G   0.01474  0.003567 0.0006144   0.01892         9       640    0.9108    0.8082    0.8394     0.637   0.03747    0.0103  0.002762
   207/299     3.81G   0.01483  0.003418 0.0005404   0.01879         5       640    0.9041    0.8234    0.8445    0.6471   0.03773   0.01031  0.002562
   208/299     3.81G   0.01537  0.003676 0.0006578    0.0197        13       640    0.9413    0.8118    0.8453    0.6389   0.03807   0.01012  0.002685
   209/299     3.81G   0.01431  0.003524 0.0005748   0.01841         6       640    0.9232    0.8052    0.8375    0.6381   0.03786   0.01019  0.002583
   210/299     3.81G   0.01468  0.003788 0.0005928   0.01906         7       640    0.8944    0.8246    0.8509    0.6342   0.03733   0.01015  0.002511
   211/299     3.81G   0.01484   0.00362 0.0006138   0.01907         6       640    0.8828    0.8168    0.8331    0.6297   0.03778   0.01025   0.00265
   212/299     3.81G   0.01474  0.003547 0.0006416   0.01893        10       640    0.9053    0.8139     0.851    0.6497   0.03749   0.01042  0.002511
   213/299     3.81G   0.01429  0.003488 0.0005348   0.01831        14       640    0.8867    0.8286    0.8364    0.6375   0.03799   0.01036  0.002644
   214/299     3.81G   0.01492  0.003591 0.0008148   0.01932        16       640    0.9179    0.8284    0.8435    0.6351   0.03761   0.01039  0.002345
   215/299     3.81G   0.01478  0.003605 0.0006406   0.01902         9       640    0.9371    0.8139    0.8406     0.641   0.03804   0.01027  0.002177
   216/299     3.81G   0.01492  0.003753 0.0005999   0.01927         5       640    0.8777    0.8176    0.8384    0.6428   0.03763   0.01048  0.002186
   217/299     3.81G   0.01439  0.003592 0.0003966   0.01837         7       640    0.8977    0.8132    0.8436    0.6387   0.03802   0.01049  0.002384
   218/299     3.81G   0.01432  0.003642 0.0006605   0.01862         5       640    0.9475    0.8321    0.8588    0.6392    0.0381   0.01041  0.002007
   219/299     3.81G   0.01446  0.003597 0.0006672   0.01873         5       640    0.9187     0.824    0.8511     0.651    0.0385   0.01024  0.002012
   220/299     3.81G   0.01401  0.003457 0.0005233   0.01799         2       640      0.96    0.7982    0.8443    0.6464   0.03814   0.01029  0.002019
   221/299     3.81G   0.01457  0.003641   0.00057   0.01878         6       640    0.9164    0.8007    0.8273    0.6323   0.03829   0.01038  0.002022
   222/299     3.81G   0.01455  0.003643 0.0005359   0.01873         6       640    0.9003    0.7822    0.8248    0.6339   0.03738   0.01044  0.002045
   223/299     3.81G   0.01412  0.003591 0.0006296   0.01834        13       640    0.8819    0.7939    0.8249    0.6425   0.03735   0.01065  0.002111
   224/299     3.81G   0.01485  0.003708 0.0007098   0.01927         5       640    0.9594    0.8066    0.8524     0.643   0.03755   0.01059  0.002001
   225/299     3.81G   0.01397  0.003355 0.0003948   0.01772         3       640    0.9317    0.7998    0.8293    0.6366   0.03772   0.01059  0.001943
   226/299     3.81G   0.01465  0.003517   0.00077   0.01894        12       640    0.9325     0.796    0.8273    0.6319   0.03819   0.01047  0.002009
   227/299     3.81G   0.01475  0.003595 0.0006458   0.01899         5       640    0.9435    0.8144    0.8396    0.6369    0.0379   0.01047  0.002116
   228/299     3.81G   0.01439  0.003381 0.0005773   0.01834         8       640    0.9311    0.8212    0.8442    0.6482   0.03764   0.01048  0.002164
   229/299     3.81G   0.01415  0.003498 0.0005128   0.01817         7       640    0.9434    0.7995    0.8352    0.6494   0.03728   0.01046  0.002151
   230/299     3.81G    0.0143  0.003519 0.0004624   0.01828         4       640    0.9385    0.7991    0.8407    0.6453   0.03753   0.01063   0.00223
   231/299     3.81G   0.01493  0.003621 0.0006656   0.01922        15       640    0.9421    0.8044    0.8431    0.6407   0.03776   0.01054  0.002162
   232/299     3.81G   0.01466  0.003571 0.0006182   0.01885        16       640    0.9509    0.8072    0.8508    0.6385    0.0379    0.0104  0.002095
   233/299     3.81G   0.01414  0.003515 0.0004574   0.01811         2       640    0.9274    0.7992     0.846    0.6402   0.03779    0.0106  0.002071
   234/299     3.81G    0.0136  0.003144 0.0004104   0.01715         7       640     0.926    0.8087    0.8495    0.6449   0.03772   0.01065  0.002082
   235/299     3.81G   0.01444  0.003635 0.0005254    0.0186         9       640    0.9553    0.7897    0.8384    0.6335   0.03786    0.0104  0.002118
   236/299     3.81G   0.01363  0.003363 0.0005222   0.01752         4       640    0.8707    0.8349    0.8389    0.6406   0.03787   0.01055  0.002167
   237/299     3.81G   0.01428  0.003453 0.0004885   0.01822         5       640    0.9406    0.8001    0.8465    0.6379   0.03773   0.01038  0.002142
   238/299     3.81G    0.0142  0.003482 0.0005366   0.01822        10       640    0.8815    0.8403    0.8455    0.6411    0.0376   0.01039  0.002065
   239/299     3.81G    0.0141  0.003364 0.0005782   0.01804         7       640    0.8839     0.818    0.8307    0.6518   0.03754   0.01039  0.002065
   240/299     3.81G   0.01347  0.003193 0.0005502   0.01721         5       640    0.9098    0.8104    0.8414    0.6451   0.03763    0.0104  0.002151
   241/299     3.81G   0.01387  0.003483 0.0003809   0.01773         7       640    0.8843    0.8234    0.8432    0.6495   0.03766   0.01039  0.002206
   242/299     3.81G   0.01396  0.003421 0.0005576   0.01794         9       640    0.8759    0.8263    0.8391    0.6397   0.03804   0.01044   0.00214
   243/299     3.81G    0.0138  0.003558 0.0004704   0.01783        10       640    0.9108    0.8329    0.8536    0.6535   0.03781   0.01028  0.002074
   244/299     3.81G   0.01374  0.003457  0.000532   0.01773         1       640    0.8975    0.8301    0.8489     0.644   0.03809   0.01038  0.002142
   245/299     3.81G   0.01374  0.003595 0.0004896   0.01782         7       640    0.8812    0.8377    0.8489    0.6489   0.03791   0.01038  0.002179
   246/299     3.81G   0.01376  0.003424 0.0006179    0.0178         2       640     0.855    0.8466    0.8435    0.6569    0.0381   0.01047   0.00214
   247/299     3.81G   0.01382  0.003234 0.0005013   0.01756        11       640    0.8263    0.8323     0.834    0.6493   0.03819   0.01038  0.002231
   248/299     3.81G   0.01341  0.003268 0.0004464   0.01712         2       640    0.9447    0.7775    0.8362     0.641   0.03815   0.01045  0.002242
   249/299     3.81G   0.01365   0.00326 0.0004642   0.01737         4       640    0.8953    0.8227    0.8429    0.6481   0.03756   0.01037   0.00217
   250/299     3.81G   0.01372  0.003386 0.0004786   0.01759         8       640    0.9585    0.8068    0.8487    0.6574    0.0374   0.01039  0.002013
   251/299     3.81G   0.01407  0.003451 0.0006167   0.01814         8       640    0.9307    0.8019    0.8419    0.6605   0.03739   0.01055  0.001985
   252/299     3.81G   0.01386  0.003497 0.0005082   0.01787         7       640    0.9086    0.7919    0.8236    0.6488   0.03782   0.01064   0.00194
   253/299     3.81G   0.01369  0.003225 0.0004233   0.01734         4       640    0.9268    0.7845    0.8113    0.6387   0.03829   0.01064  0.001931
   254/299     3.81G   0.01353  0.003405 0.0005778   0.01751         9       640    0.9433    0.8065    0.8371    0.6543   0.03811    0.0105  0.001931
   255/299     3.81G   0.01378  0.003317 0.0004222   0.01752         4       640    0.9432    0.8033    0.8423    0.6486   0.03842   0.01045  0.002072
   256/299     3.81G   0.01414   0.00345 0.0005117    0.0181        11       640    0.9163    0.7985    0.8269     0.647   0.03827   0.01036  0.002159
   257/299     3.81G   0.01356  0.003263 0.0004262   0.01725         4       640    0.8944    0.8067    0.8331    0.6374   0.03797   0.01034  0.002091
   258/299     3.81G   0.01377   0.00345 0.0004349   0.01765         7       640    0.9119    0.8066    0.8332    0.6391   0.03826   0.01039  0.002022
   259/299     3.81G   0.01362  0.003247 0.0004748   0.01734         5       640     0.927    0.7958    0.8363    0.6415   0.03889   0.01054  0.002098
   260/299     3.81G   0.01362  0.003254 0.0004447   0.01732         4       640    0.8885    0.8084    0.8353    0.6315   0.03859   0.01058  0.002145
   261/299     3.81G   0.01369  0.003337 0.0004538   0.01748         8       640    0.9143    0.7971    0.8315    0.6384   0.03871   0.01048   0.00217
   262/299     3.81G   0.01357  0.003526 0.0004283   0.01752        13       640    0.9097    0.7991    0.8315    0.6431   0.03811    0.0104  0.002153
   263/299     3.81G   0.01328  0.003318 0.0004003     0.017         2       640    0.9589    0.7972    0.8359    0.6354   0.03806   0.01058  0.002098
   264/299     3.81G   0.01362  0.003372  0.000428   0.01742         9       640    0.8879    0.8091    0.8213    0.6316   0.03813   0.01068  0.002079
   265/299     3.81G   0.01403  0.003482 0.0004848   0.01799         4       640    0.8947    0.8082    0.8282     0.641   0.03807   0.01063   0.00207
   266/299     3.81G   0.01358  0.003321 0.0003989    0.0173         5       640    0.9318    0.7971     0.835    0.6511   0.03783   0.01075  0.002138
   267/299     3.81G   0.01329  0.003268 0.0004306   0.01699         5       640    0.9349    0.8076    0.8445    0.6504   0.03764   0.01065  0.002188
   268/299     3.81G   0.01354  0.003326 0.0004104   0.01728         4       640     0.938    0.8061    0.8444    0.6538   0.03767   0.01057  0.002179
   269/299     3.81G   0.01301  0.003286 0.0003957    0.0167         6       640    0.9367    0.8062    0.8427    0.6503   0.03792   0.01062  0.002067
   270/299     3.81G     0.014  0.003452 0.0005682   0.01802        10       640      0.88    0.8168    0.8354    0.6491   0.03792   0.01077  0.002028
   271/299     3.81G   0.01377  0.003438 0.0006366   0.01784         8       640    0.9557    0.8081    0.8471    0.6521   0.03748   0.01078  0.001999
   272/299     3.81G   0.01299  0.003117 0.0003665   0.01648         1       640     0.957    0.7955    0.8459     0.644   0.03758   0.01071  0.002026
   273/299     3.81G   0.01333  0.003167 0.0003534   0.01685         4       640     0.866    0.8259    0.8298     0.654    0.0377   0.01059  0.001993
   274/299     3.81G   0.01355  0.003401 0.0005927   0.01754         4       640    0.9162    0.7928    0.8265     0.647   0.03777   0.01055  0.001999
   275/299     3.81G   0.01328  0.003241 0.0005148   0.01703        10       640    0.9015    0.7923    0.8206    0.6497   0.03788    0.0106  0.002109
   276/299     3.81G   0.01327  0.003423 0.0003827   0.01707         5       640    0.9112    0.7992     0.825    0.6455   0.03783   0.01066  0.002066
   277/299     3.81G    0.0127  0.003195 0.0005933   0.01649         9       640    0.9354    0.7974    0.8263    0.6414    0.0376   0.01067   0.00199
   278/299     3.81G   0.01335  0.003362 0.0003393   0.01705        15       640    0.9398    0.7948    0.8261    0.6446   0.03762   0.01072  0.002019
   279/299     3.81G   0.01354   0.00335 0.0005276   0.01741         3       640    0.9387    0.7937    0.8229    0.6443    0.0379   0.01074  0.001987
   280/299     3.81G   0.01349   0.00334 0.0004673    0.0173        17       640    0.9359    0.7956    0.8269    0.6472   0.03792   0.01066  0.002007
   281/299     3.81G   0.01329  0.003299 0.0003506   0.01694         8       640    0.9325    0.7998    0.8313    0.6472   0.03749   0.01059  0.001993
   282/299     3.81G   0.01334  0.003454 0.0004916   0.01729        14       640    0.9568    0.7869    0.8319    0.6473   0.03745   0.01065  0.001991
   283/299     3.81G    0.0135  0.003335 0.0003959   0.01723        11       640    0.9495    0.7907    0.8304    0.6429   0.03757   0.01069  0.001988
   284/299     3.81G    0.0132  0.003217 0.0004242   0.01684         7       640    0.8999    0.7994    0.8232    0.6456   0.03784   0.01073  0.001963
   285/299     3.81G    0.0136  0.003338 0.0004089   0.01735        10       640    0.8712    0.8083    0.8211    0.6381    0.0378   0.01077  0.001987
   286/299     3.81G    0.0133  0.003171 0.0003733   0.01685         2       640    0.9026     0.801    0.8242    0.6395   0.03786   0.01079  0.001983
   287/299     3.81G   0.01351   0.00352 0.0004862   0.01752         4       640    0.9377     0.793    0.8256    0.6496   0.03781   0.01068  0.002009
   288/299     3.81G   0.01372  0.003379  0.000423   0.01752         3       640    0.9303    0.7919    0.8309    0.6535   0.03772   0.01064  0.002014
   289/299     3.81G   0.01361  0.003357 0.0004586   0.01743         3       640    0.9451    0.7981    0.8407    0.6558   0.03745   0.01063  0.001984
   290/299     3.81G   0.01326  0.003482 0.0003961   0.01714         4       640    0.9502    0.7907    0.8369    0.6504   0.03775   0.01067   0.00197
   291/299     3.81G   0.01304  0.003292   0.00036   0.01669         1       640     0.952    0.7943    0.8374    0.6521   0.03787   0.01063  0.001939
   292/299     3.81G   0.01353  0.003278  0.000512   0.01732        15       640    0.9168    0.8255    0.8421    0.6582    0.0382   0.01068  0.001937
   293/299     3.81G   0.01351  0.003378 0.0004746   0.01736         6       640    0.9404    0.8064    0.8369    0.6494    0.0381   0.01073  0.001976
   294/299     3.81G   0.01325  0.003379 0.0005094   0.01714         6       640    0.9273    0.8052    0.8358     0.649   0.03773   0.01075  0.001932
   295/299     3.81G   0.01281  0.003221 0.0003663    0.0164        13       640     0.929    0.7919    0.8294    0.6488   0.03766   0.01086  0.001943
   296/299     3.81G   0.01322  0.003339 0.0004173   0.01697         1       640    0.9312    0.7991     0.831    0.6499   0.03736   0.01083  0.001921
   297/299     3.81G   0.01293  0.003149 0.0002748   0.01635         2       640     0.951    0.7992    0.8327    0.6449   0.03794   0.01078  0.001959
   298/299     3.81G   0.01318  0.003247  0.000472    0.0169         3       640    0.9545    0.7992    0.8346    0.6438   0.03793   0.01072   0.00195
   299/299     3.81G   0.01286  0.003306 0.0003365    0.0165         8       640    0.9468    0.8066    0.8348    0.6362   0.03755   0.01075  0.001907
